10
16
179 164
98 95
29 1
45 60
116 202
90 122
10 183
128 35
97 141
232 137
53 9
50 15
135 9
148 231
170 146
181 121
16
23 17
123 91
103 140
121 61
246 112
102 129
107 22
176 9
239 189
184 185
231 161
12 120
226 230
50 120
50 194
119 204
16
249 127
93 102
41 188
155 110
135 85
225 13
209 109
76 33
172 173
90 141
86 61
23 92
104 252
63 242
127 146
162 204
16
61 129
135 85
142 140
172 123
117 219
138 161
229 176
225 102
173 32
228 247
145 160
0 50
24 227
166 169
135 63
240 246
16
242 62
46 165
91 165
171 203
129 139
70 58
49 19
132 180
240 226
235 171
199 67
149 115
22 32
197 186
123 227
142 49
16
174 24
168 156
107 219
214 165
25 15
61 99
85 35
124 196
19 83
103 225
25 190
81 227
205 10
187 178
119 124
189 172
16
22 53
241 190
76 5
147 21
107 175
246 244
241 103
114 36
31 46
42 124
155 144
150 105
192 114
252 231
109 4
28 27
16
58 236
80 85
118 114
146 61
173 1
16 45
102 129
118 103
155 192
248 253
166 160
209 240
32 29
51 251
45 111
171 66
16
53 11
45 248
10 133
237 29
197 25
154 125
95 162
153 134
4 221
46 138
30 228
121 79
72 135
45 79
202 25
255 100
16
184 103
198 255
29 104
135 56
45 52
150 139
231 204
154 176
208 234
51 49
240 119
177 115
34 147
250 114
100 50
210 162
